2 0.583293 0.975372 0.0554497 0.0484452 0.649158
7 0.633013 0.941974 0.0525279 0.0819744 0.552691
2 0.705428 0.755584 0.046452 0.0525589 0.488591
2 0.626396 0.779884 0.0409712 0.0575156 0.419345
2 0.401133 0.560542 0.0193089 0.0234118 0.387484
7 0.626163 0.780004 0.0406439 0.0581205 0.37548
7 0.286071 0.589266 0.0716013 0.0849577 0.37064
2 0.356177 0.578898 0.0221882 0.0275741 0.332449
7 0.592436 0.889901 0.0431806 0.0698017 0.292137
2 0.690761 0.657407 0.0219893 0.0228321 0.276599
2 0.664097 0.590523 0.0257179 0.0490833 0.268823
